-3,35;
-5,32;
-8,34;
-14,18;
-17,7;
-19,-5;
-15,-1;
-20,-2;
-20,-3;
-20,-3;
-20,-3;
-21,-3;
-20,-4;
-18,-6;
-18,-5;
-18,-5;
-20,-4;
-20,-3;
-19,-4;
-18,-5;
-18,-6;
-17,-7;
-17,-5;
-17,-3;
-19,-6;
-18,-5;
-19,-3;
-20,-13;
-15,-1;
-15,-5;
-14,-4;
-15,-5;
-16,-1;
-12,7;
-10,13;
-11,15;
-7,16;
-7,10;
-14,21;
-14,20;
-15,17;
-14,20;
-12,23;
-11,34;
-11,38;
-14,43;
-12,39;
-14,40;
-12,40;
-13,39;
-13,39;
-13,40;
-13,39;
-18,41;
-24,45;
-21,46;
-22,44;
-21,44;
-21,45;
-20,44;
-21,45;
-21,41;
-23,42;
-26,44;
-22,44;
-21,45;
-21,43;
-22,43;
-22,44;
-34,19;
-21,38;
-27,37;
-27,37;
-30,36;
-26,37;
-24,41;
-27,39;
-26,40;
-27,37;
-27,35;
-31,34;
-33,35;
-38,35;
-36,35;
-39,39;
-38,39;
-40,37;
-38,38;
-37,36;
-40,31;
-45,29;
-51,20;
-51,21;
-53,22;
-50,21;
-48,23;
-50,22;
-51,22;
-52,20;
-50,22;
-51,21;
-48,20;
-47,21;
-48,22;
-50,20;
-51,16;
-54,11;
-52,15;
-55,13;
-54,14;
-53,12;
-53,13;
-52,13;
-53,12;
-53,13;
-53,12;
